4294967278,302
4294967278,135
4294967278,134
4294967278,133
4294967279,281
4294967278,273
4294967278,270
4294967279,293
4294967278,281
4294967278,265
4294967279,254
4294967279,253
4294967278,257
4294967278,335
4294967294,1092
4294967294,1088
4294967294,1014
4294967294,1009
4294967294,1006
4294967294,1004
4294967294,998
4294967294,421
4294967294,401
4294967294,190
4294967294,176
4294967294,173
4294967294,163
4294967294,162
4294967279,553
4294967278,334
4294967278,386
4294967278,18
4294967278,7
4294967278,6
4294967278,5
4294967278,4
4294967279,132
4294967279,131
4294967279,326
4294967279,294
4294967279,346
4294967278,356
4294967278,369
4294967294,999
4294967294,1090
4294967294,995
4294967294,1094
4294967294,170
4294967279,250
4294967279,249
4294967279,248
4294967279,550
4294967278,408
4294967279,247
4294967278,407
222,6
222,5
222,4
222,3
222,2
222,1
4294967279,549
4294967279,238
4294967279,548
4294967278,234
4294967278,232
4294967278,228
4294967279,227
4294967279,219
4294967279,223
4294967278,222
4294967279,221
4294967279,217
4294967279,215
4294967278,214
4294967279,513
4294967279,213
4294967278,378
4294967279,345
4294967278,209
4294967278,406
219,6
219,5
219,4
219,3
219,2
219,1
4294967278,352
4294967278,351
4294967279,542
4294967278,350
4294967278,349
4294967278,196
4294967279,195
4294967279,194
4294967278,346
4294967294,1419
4294967278,188
4294967279,184
4294967278,362
4294967278,320
4294967279,344
4294967278,180
216,6
4294967279,180
216,5
4294967278,179
216,4
216,3
216,2
216,1
4294967279,534
4294967278,343
4294967279,533
4294967294,477
4294967279,310
4294967279,292
4294967278,164
4294967279,163
213,4
213,3
213,2
213,1
4294967279,290
212,4
212,3
212,2
212,1
4294967294,1417
211,6
4294967294,1414
4294967294,1008
4294967294,1091
4294967294,161
4294967279,288
211,5
211,4
211,3
211,2
211,1
4294967279,343
4294967278,405
4294967278,329
210,5
210,4
210,3
210,2
210,1
4294967294,476
4294967294,395
4294967294,1416
4294967294,399
4294967294,420
4294967294,178
4294967294,167
4294967294,119
4294967294,408
4294967294,184
4294967294,112
4294967279,342
4294967279,284
4294967279,270
209,5
209,4
209,3
209,2
209,1
4294967278,19
4294967278,17
4294967279,278
208,5
4294967278,12
208,4
4294967278,268
208,3
208,2
208,1
4294967294,468
4294967294,470
4294967294,1001
4294967294,186
4294967279,263
4294967278,336
4294967279,262
4294967278,9
4294967278,10
4294967278,385
4294967278,280
4294967278,8
4294967278,374
4294967278,286
4294967279,256
4294967279,568
4294967294,392
4294967279,280
4294967279,531
206,4
206,3
206,2
206,1
4294967279,523
4294967278,256
4294967279,522
4294967278,404
4294967294,387
4294967279,127
4294967279,519
4294967279,552
4294967278,174
4294967279,325
4294967278,252
4294967294,393
4294967278,251
4294967278,247
4294967278,246
4294967294,30
4294967294,1167
4294967294,1166
4294967294,1164
4294967294,1163
4294967294,1158
4294967294,1019
4294967294,992
4294967294,990
4294967294,989
4294967294,988
4294967294,987
4294967294,60
4294967279,122
4294967279,243
4294967278,242
4294967279,241
4294967278,240
4294967278,237
4294967279,236
4294967279,235
4294967278,230
4294967279,229
4294967279,225
4294967278,224
4294967294,437
4294967294,12
4294967278,381
4294967278,132
4294967278,131
4294967278,130
4294967278,129
4294967278,128
4294967278,332
4294967278,127
4294967278,126
4294967278,371
4294967278,125
4294967278,370
4294967278,124
4294967278,123
4294967278,122
4294967278,120
4294967278,119
4294967278,117
4294967278,116
4294967278,115
4294967278,114
4294967278,113
4294967278,112
4294967278,111
4294967278,108
4294967278,106
4294967278,105
4294967278,104
4294967278,103
4294967278,394
4294967278,97
4294967278,95
4294967278,94
4294967278,89
4294967278,86
4294967278,85
4294967278,84
4294967278,81
4294967278,80
4294967278,79
4294967278,78
4294967278,74
4294967278,70
4294967278,69
4294967278,68
4294967278,64
4294967278,62
4294967278,61
4294967278,60
4294967278,59
4294967278,58
4294967278,57
4294967278,56
4294967278,55
4294967278,53
4294967278,52
4294967278,51
4294967278,50
4294967278,49
4294967278,48
4294967278,47
4294967278,46
4294967278,45
4294967278,44
4294967278,43
4294967278,42
4294967278,41
4294967278,40
4294967278,39
4294967278,38
4294967278,37
4294967278,36
4294967278,35
4294967278,34
4294967278,33
4294967278,32
4294967278,31
4294967278,30
4294967278,29
4294967278,28
4294967278,27
4294967278,26
4294967278,25
4294967278,24
4294967278,23
4294967278,22
4294967278,21
4294967279,324
4294967279,565
4294967279,323
4294967279,81
4294967279,80
4294967279,78
4294967279,75
4294967279,73
4294967279,72
4294967279,70
4294967279,289
4294967279,69
4294967279,64
4294967279,62
4294967279,61
4294967279,60
4294967279,59
4294967279,308
4294967279,57
4294967279,56
4294967279,55
4294967279,54
4294967279,50
4294967279,48
4294967279,47
4294967279,46
4294967279,44
4294967279,40
4294967279,38
4294967279,37
4294967279,36
4294967279,35
4294967279,34
4294967279,33
4294967279,32
4294967279,31
4294967279,29
4294967279,260
4294967279,27
4294967279,26
4294967279,25
4294967279,24
4294967279,22
4294967279,18
4294967279,17
4294967279,16
4294967279,15
4294967279,13
4294967279,10
4294967279,9
4294967279,8
4294967279,7
4294967279,4
4294967278,220
4294967294,11
4294967294,68
4294967278,93
4294967278,359
4294967278,102
4294967278,213
4294967279,212
4294967278,210
4294967278,208
205,6
205,5
205,4
4294967278,206
205,3
205,2
205,1
4294967278,328
4294967278,92
4294967278,82
4294967279,322
4294967278,403
4294967278,91
4294967294,1007
4294967294,185
4294967294,997
4294967294,1012
4294967279,341
4294967278,90
4294967278,364
4294967278,87
4294967279,197
4294967279,196
4294967279,79
4294967278,192
4294967278,77
4294967279,77
4294967278,76
4294967279,340
4294967279,76
4294967278,75
4294967278,368
4294967279,74
4294967278,73
4294967278,71
4294967278,300
202,6
202,5
202,4
202,3
202,2
202,1
4294967279,339
4294967279,68
4294967279,67
4294967294,9
4294967279,58
4294967278,66
4294967278,391
4294967279,66
4294967278,65
4294967279,65
4294967278,63
4294967279,63
4294967278,54
4294967279,53
4294967279,320
4294967278,215
4294967279,52
4294967278,402
4294967279,51
4294967279,530
4294967279,49
4294967279,159
4294967279,158
199,6
199,5
199,4
199,2
199,1
4294967278,401
4294967294,461
4294967294,416
4294967294,110
4294967294,467
4294967294,453
4294967279,42
4294967279,304
4294967279,41
4294967279,152
